0.000000000000000000e+00 0.000000000000000000e+00 0.000000000000000000e+00
1.141434609889984131e-01 -2.140019178390502930e+00 -8.728627562522888184e-01
2.852368354797363281e-01 -4.085316658020019531e+00 -1.637807250022888184e+00
2.026947975158691406e+00 -5.346735000610351562e+00 -4.019622325897216797e+00
3.323909282684326172e+00 -6.997356414794921875e+00 -5.410409927368164062e+00
6.175571441650390625e+00 -9.440145492553710938e+00 -5.994194030761718750e+00
7.024125099182128906e+00 -1.207389926910400391e+01 -8.522695541381835938e+00
6.575014114379882812e+00 -1.281017112731933594e+01 -9.330090522766113281e+00
6.101880073547363281e+00 -1.615174484252929688e+01 -1.107652473449707031e+01
6.390523433685302734e+00 -1.740505027770996094e+01 -1.188706016540527344e+01
7.481143474578857422e+00 -2.032913589477539062e+01 -1.424283981323242188e+01
9.501089096069335938e+00 -2.318973731994628906e+01 -1.776631546020507812e+01
1.023007678985595703e+01 -2.354126930236816406e+01 -1.873914527893066406e+01
1.320594787597656250e+01 -2.394904327392578125e+01 -2.482459831237792969e+01
1.035289001464843750e+01 -1.502669429779052734e+01 -3.140122032165527344e+01
4.478065490722656250e+00 -1.760973358154296875e+01 -3.585472106933593750e+01
-5.869696617126464844e+00 -2.369686508178710938e+01 -4.063446426391601562e+01
-7.086330413818359375e+00 -2.486142158508300781e+01 -4.122061920166015625e+01
-1.226237392425537109e+01 -2.757385063171386719e+01 -4.232225036621093750e+01
-1.279100513458251953e+01 -2.803894424438476562e+01 -4.241783905029296875e+01
-1.475127887725830078e+01 -3.014879417419433594e+01 -4.846392822265625000e+01
-1.464654636383056641e+01 -3.091291427612304688e+01 -4.952807998657226562e+01
-1.341054534912109375e+01 -3.161204528808593750e+01 -5.421437454223632812e+01
-1.457683372497558594e+01 -3.219469070434570312e+01 -5.778372955322265625e+01
-1.461130905151367188e+01 -3.467906188964843750e+01 -6.001499176025390625e+01
-1.192589378356933594e+01 -4.217597198486328125e+01 -6.441898345947265625e+01
-1.117922115325927734e+01 -4.357607650756835938e+01 -6.577051544189453125e+01
-1.145414161682128906e+01 -4.338555526733398438e+01 -6.754721832275390625e+01
-1.313123035430908203e+01 -4.579686355590820312e+01 -6.513620758056640625e+01
-1.565834236145019531e+01 -4.809930038452148438e+01 -6.347714233398437500e+01
-1.799626541137695312e+01 -5.050267028808593750e+01 -6.168886566162109375e+01
-2.044153022766113281e+01 -5.262997055053710938e+01 -5.970511245727539062e+01
-2.279862022399902344e+01 -5.467832565307617188e+01 -5.753984832763671875e+01
-2.503688240051269531e+01 -5.675967025756835938e+01 -5.528193283081054688e+01
-2.714295196533203125e+01 -5.885959243774414062e+01 -5.291659927368164062e+01
-2.916785049438476562e+01 -6.093125152587890625e+01 -5.045732879638671875e+01
-3.109996795654296875e+01 -6.290165710449218750e+01 -4.784497070312500000e+01
-3.292705535888671875e+01 -6.485150909423828125e+01 -4.514315032958984375e+01
-3.471255493164062500e+01 -6.675148010253906250e+01 -4.237871551513671875e+01
-3.646833419799804688e+01 -6.858226776123046875e+01 -3.954932403564453125e+01
-3.820600509643554688e+01 -7.029250335693359375e+01 -3.663460159301757812e+01
-3.994898223876953125e+01 -7.191911315917968750e+01 -3.367551803588867188e+01
-4.172355651855468750e+01 -7.339955902099609375e+01 -3.065903472900390625e+01
-4.363269424438476562e+01 -7.487194824218750000e+01 -2.772181320190429688e+01
-4.583102035522460938e+01 -7.720483398437500000e+01 -2.682777786254882812e+01
-4.829105377197265625e+01 -7.931356048583984375e+01 -2.484245681762695312e+01
-4.894710540771484375e+01 -7.829862976074218750e+01 -2.370934104919433594e+01
-4.922752761840820312e+01 -7.617893981933593750e+01 -2.111000251770019531e+01
-4.917608261108398438e+01 -7.593597412109375000e+01 -2.046763420104980469e+01
-4.901748275756835938e+01 -7.615071105957031250e+01 -1.753035736083984375e+01
-4.919264221191406250e+01 -7.639672088623046875e+01 -1.899042129516601562e+01
-5.001702880859375000e+01 -7.465994262695312500e+01 -2.226822471618652344e+01
-5.177466201782226562e+01 -7.202111053466796875e+01 -2.118647003173828125e+01
-5.281982803344726562e+01 -7.088930511474609375e+01 -1.930935478210449219e+01
-5.319074630737304688e+01 -7.014122772216796875e+01 -1.992902565002441406e+01
-5.232222747802734375e+01 -6.315430450439453125e+01 -2.368981933593750000e+01
-5.007246780395507812e+01 -6.132442474365234375e+01 -2.508543968200683594e+01
-4.967572021484375000e+01 -6.099389266967773438e+01 -2.474797821044921875e+01
-4.864832687377929688e+01 -5.934155273437500000e+01 -2.242098045349121094e+01
-4.847637176513671875e+01 -5.922249221801757812e+01 -2.180478286743164062e+01
-4.814570617675781250e+01 -6.003974533081054688e+01 -1.810846710205078125e+01
-4.976448440551757812e+01 -6.241276168823242188e+01 -1.639045715332031250e+01
-5.114661407470703125e+01 -6.255714416503906250e+01 -1.454423809051513672e+01
-5.305301666259765625e+01 -6.345571899414062500e+01 -1.138224601745605469e+01
-5.499423980712890625e+01 -6.536605072021484375e+01 -8.732288360595703125e+00
-5.850300979614257812e+01 -6.785787200927734375e+01 -4.458770751953125000e+00
